left = 35.743694, 51.087402
top = 35.826968, 51.460246
bottom = 35.605641, 51.499385
right = 35.743416, 51.607188